function M = get_m3()
    M    = [-1 3 -3 1;3 -6 3 0;-3 3 0 0;1 0 0 0];
end